res	aa	Beta	Turn	Helix	Aggregation	Conc-Stab_Aggregation
01	  M	  0.1	  0.5	0.000	0.000	0.000
02	  G	  0.1	  0.7	0.000	0.000	0.000
03	  S	  0.3	  0.8	0.000	0.000	0.000
04	  S	  0.7	  0.9	0.000	0.000	0.000
05	  H	  1.4	  0.4	0.000	0.000	0.000
06	  H	  1.9	  0.2	0.000	0.000	0.000
07	  H	  2.1	  0.1	0.000	0.000	0.000
08	  H	  2.1	  0.1	0.000	0.000	0.000
09	  H	  1.6	  0.2	0.000	0.000	0.000
10	  H	  1.0	  1.0	0.000	0.000	0.000
11	  S	  0.4	  1.2	0.000	0.000	0.000
12	  S	  0.1	  1.2	0.000	0.000	0.000
13	  G	  0.1	  1.1	0.000	0.000	0.000
14	  L	  0.1	  0.2	0.000	0.000	0.000
15	  V	  0.1	  0.3	0.000	0.000	0.000
16	  P	  0.1	  0.6	0.000	0.000	0.000
17	  R	  0.0	  0.8	0.000	0.000	0.000
18	  G	  0.1	  0.9	0.000	0.000	0.000
19	  S	  0.2	  0.6	0.000	0.000	0.000
20	  H	  0.5	  0.5	0.000	0.000	0.000
21	  M	  0.5	  0.4	0.000	0.000	0.000
22	  G	  0.4	  0.3	0.000	0.000	0.000
23	  T	  3.0	  0.5	0.000	0.000	0.000
24	  A	  3.3	  0.3	0.000	0.000	0.000
25	  S	  3.3	  0.2	0.000	0.000	0.000
26	  A	  0.5	  0.2	0.000	0.000	0.000
27	  P	  0.1	  0.2	0.000	0.000	0.000
28	  I	  0.1	  0.8	0.000	0.000	0.000
29	  G	  0.2	  0.8	0.000	0.000	0.000
30	  S	  0.6	  0.8	0.000	0.000	0.000
31	  A	  0.6	  0.6	0.000	0.000	0.000
32	  I	  0.5	  0.1	0.000	0.000	0.000
33	  P	  0.1	  0.4	0.000	0.000	0.000
34	  R	  0.1	  0.4	0.000	0.000	0.000
35	  N	  0.3	  0.4	0.000	0.000	0.000
36	  N	  0.3	  0.3	0.000	0.453	0.453
37	  W	  0.8	  0.0	0.000	1.368	1.368
38	  A	  1.1	  0.0	0.000	1.368	1.368
39	  V	  8.2	  0.0	0.000	1.368	1.368
40	  T	  9.5	  0.1	0.000	1.368	1.368
41	  C	  9.4	  0.3	0.000	1.186	1.186
42	  D	  2.3	  0.3	0.000	0.000	0.000
43	  S	  0.6	  0.4	0.000	0.000	0.000
44	  A	  0.3	  0.6	0.000	0.000	0.000
45	  Q	  0.3	  0.6	0.000	0.000	0.000
46	  S	  0.1	  2.0	0.000	0.000	0.000
47	  G	  0.1	  2.0	0.000	0.000	0.000
48	  N	  0.1	  1.8	0.154	0.000	0.000
49	  E	  0.9	  1.7	0.154	0.000	0.000
50	  C	  1.3	  0.2	0.154	0.000	0.000
51	  N	  1.3	  0.2	0.300	0.000	0.000
52	  K	  0.7	  0.1	0.300	0.000	0.000
53	  A	  0.5	  0.2	0.300	0.000	0.000
54	  I	  1.1	  0.4	0.146	0.000	0.000
55	  D	  0.9	  1.1	0.146	0.000	0.000
56	  G	  0.6	  1.1	0.146	0.000	0.000
57	  N	  0.0	  2.8	0.253	0.000	0.000
58	  K	  0.3	  2.6	0.107	0.000	0.000
59	  D	  1.8	  1.9	0.107	0.000	0.000
60	  T	  6.7	  1.9	0.107	0.814	0.814
61	  F	  7.2	  0.0	0.107	1.000	1.000
62	  W	  6.0	  0.0	0.107	1.000	1.000
63	  H	  3.8	  0.0	0.000	1.000	1.000
64	  T	  9.1	  0.0	0.000	1.000	1.000
65	  F	  9.6	  0.1	0.000	1.000	1.000
66	  Y	  7.1	  0.8	0.000	1.000	1.000
67	  G	  1.1	  2.1	0.000	0.000	0.000
68	  A	  0.2	  2.5	0.000	0.000	0.000
69	  N	  0.0	  2.4	0.000	0.000	0.000
70	  G	  0.0	  1.7	0.000	0.000	0.000
71	  D	  0.0	  0.4	0.000	0.000	0.000
72	  P	  0.0	  0.0	0.000	0.000	0.000
73	  K	  0.0	  0.0	0.000	0.000	0.000
74	  P	  0.0	  0.2	0.000	0.000	0.000
75	  P	  0.0	  0.2	0.000	0.000	0.000
76	  H	  2.3	  0.2	0.000	0.000	0.000
77	  T	 20.1	  0.2	0.138	0.000	0.000
78	  Y	 27.0	  0.0	0.138	0.000	0.000
79	  T	 28.0	  0.0	0.138	0.000	0.000
80	  I	 13.4	  0.0	0.138	0.000	0.000
81	  D	  5.7	  0.0	0.654	0.000	0.000
82	  M	  2.4	  0.1	0.654	0.000	0.000
83	  K	  1.1	  0.1	0.654	0.000	0.000
84	  T	  3.1	  0.1	0.516	0.000	0.000
85	  T	  3.6	  0.2	0.516	0.000	0.000
86	  Q	  3.3	  0.2	0.516	0.000	0.000
87	  N	  2.5	  1.5	0.186	0.000	0.000
88	  V	  2.1	  3.5	0.000	0.000	0.000
89	  N	  1.7	  3.4	0.000	0.000	0.000
90	  G	  0.3	  3.4	0.000	0.000	0.000
91	  L	  1.8	  2.1	0.000	0.000	0.000
92	  S	  2.9	  0.1	0.000	0.000	0.000
93	  V	  3.3	  0.0	0.000	0.000	0.000
94	  L	  1.5	  0.1	0.000	0.000	0.000
95	  P	  0.4	  0.2	0.000	0.000	0.000
96	  R	  1.1	  1.3	0.000	0.000	0.000
97	  Q	  1.1	  1.4	0.000	0.000	0.000
98	  D	  1.1	  1.9	0.000	0.000	0.000
99	  G	  0.0	  1.9	0.000	0.000	0.000
100	  N	  0.1	  6.0	0.000	0.000	0.000
101	  Q	  0.1	  6.5	0.000	0.000	0.000
102	  N	  0.1	  5.8	0.000	0.000	0.000
103	  G	  0.0	  5.8	0.000	0.000	0.000
104	  W	  0.1	  0.7	0.000	0.000	0.000
105	  I	  0.2	  0.6	0.000	0.000	0.000
106	  G	  0.2	  0.7	0.000	0.000	0.000
107	  R	  0.5	  0.7	0.000	0.000	0.000
108	  H	  0.8	  0.6	0.000	0.000	0.000
109	  E	  1.1	  0.2	0.000	0.000	0.000
110	  W	  1.3	  0.1	0.000	0.000	0.000
111	  Y	  1.8	  0.2	0.000	0.000	0.000
112	  L	  1.7	  0.2	0.000	0.000	0.000
113	  S	  1.3	  6.3	0.000	0.000	0.000
114	  S	  0.3	  6.5	0.000	0.000	0.000
115	  D	  0.1	  6.8	0.000	0.000	0.000
116	  G	  0.0	  6.6	0.000	0.000	0.000
117	  T	  0.5	  0.5	0.000	0.000	0.000
118	  N	  0.5	  0.7	0.000	0.000	0.000
119	  W	  0.6	  0.5	0.000	0.000	0.000
120	  G	  0.2	  0.5	0.000	0.000	0.000
121	  S	  0.2	  0.5	0.000	0.000	0.000
122	  P	  0.0	  0.0	0.000	0.000	0.000
123	  V	  2.3	  0.2	0.000	0.000	0.000
124	  A	  2.3	  0.6	0.000	0.000	0.000
125	  S	  2.6	  0.7	0.000	0.000	0.000
126	  G	  0.4	  0.7	0.000	0.000	0.000
127	  S	  1.1	  0.4	0.000	0.000	0.000
128	  W	  1.7	  0.1	0.000	0.000	0.000
129	  F	  1.9	  0.4	0.000	0.000	0.000
130	  A	  1.2	  0.4	0.000	0.000	0.000
131	  D	  0.3	  0.6	0.250	0.000	0.000
132	  S	  0.8	  0.6	0.250	0.000	0.000
133	  T	  3.4	  0.3	0.250	0.000	0.000
134	  T	  4.6	  0.2	0.250	0.000	0.000
135	  K	  4.5	  0.1	0.250	0.000	0.000
136	  Y	  2.2	  0.3	0.250	0.000	0.000
137	  S	  1.0	  0.3	0.000	0.000	0.000
138	  N	  2.9	  0.3	0.000	0.000	0.000
139	  F	  3.0	  0.3	0.000	0.000	0.000
140	  E	  3.1	  0.1	0.000	0.000	0.000
141	  T	  0.6	  0.1	0.000	0.000	0.000
142	  R	  0.2	  0.1	0.000	0.000	0.000
143	  P	  0.1	  0.0	0.000	0.000	0.000
144	  A	  0.2	  0.0	0.000	0.000	0.000
145	  R	  1.0	  0.0	0.000	0.000	0.000
146	  Y	  2.5	  0.0	0.000	0.408	0.408
147	  V	  5.7	  0.0	0.000	0.408	0.408
148	  R	  5.4	  0.0	0.000	0.408	0.408
149	  L	  4.7	  0.0	0.000	42.530	42.530
150	  V	  8.0	  0.0	0.000	42.530	42.530
151	  A	  7.8	  0.0	0.000	42.530	42.530
152	  V	  7.6	  0.0	0.000	42.530	42.530
153	  T	  1.2	  0.0	0.216	42.530	42.530
154	  E	  0.8	  0.6	0.216	0.408	0.408
155	  A	  0.1	  3.7	0.216	0.187	0.187
156	  N	  0.1	  3.7	0.216	0.000	0.000
157	  G	  0.0	  3.7	0.216	0.000	0.000
158	  Q	  0.0	  3.1	0.216	0.000	0.000
159	  P	  0.0	  0.0	0.000	0.000	0.000
160	  W	  1.7	  0.1	0.000	0.000	0.000
161	  T	  2.0	  0.1	0.000	0.000	0.000
162	  S	  2.3	  0.1	0.305	0.000	0.000
163	  I	  0.9	  0.1	0.305	0.000	0.000
164	  A	  0.7	  0.0	0.305	0.000	0.000
165	  E	  3.6	  0.0	0.305	0.000	0.000
166	  I	 12.6	  0.0	0.305	0.000	0.000
167	  N	 15.9	  0.0	0.305	0.000	0.000
168	  V	 16.5	  0.0	0.132	0.000	0.000
169	  F	  9.6	  0.0	0.132	0.000	0.000
170	  Q	  5.6	  0.1	0.000	0.000	0.000
171	  A	  2.1	  0.2	0.000	0.000	0.000
172	  S	  0.5	  0.2	0.000	0.000	0.000
173	  S	  7.6	  0.2	0.000	0.000	0.000
174	  Y	 18.7	  0.1	0.000	0.000	0.000
175	  T	 18.6	  0.0	0.000	0.000	0.000
176	  A	 11.8	  0.0	0.000	0.000	0.000
177	  P	  0.1	  0.0	0.000	0.000	0.000
178	  Q	  0.0	  0.5	0.000	0.000	0.000
179	  P	  0.0	  0.6	0.000	0.000	0.000
180	  G	  0.0	  0.8	0.000	0.000	0.000
181	  L	  0.0	  0.8	0.000	0.000	0.000
182	  G	  0.0	  0.4	0.000	0.000	0.000
183	  R	  0.2	  0.3	0.000	0.000	0.000
184	  W	  0.2	  0.3	0.000	0.000	0.000
185	  G	  0.2	  0.5	0.000	0.000	0.000
186	  P	  0.0	  0.4	0.000	0.000	0.000
187	  T	  4.5	  0.4	0.000	0.000	0.000
188	  I	 10.0	  0.3	0.000	0.000	0.000
189	  D	 10.0	  0.1	0.000	0.000	0.000
190	  L	  5.8	  0.1	0.000	0.000	0.000
191	  P	  0.0	  0.0	0.000	0.000	0.000
192	  I	  0.6	  0.0	0.000	0.000	0.000
193	  V	  0.6	  0.0	0.120	0.000	0.000
194	  P	  0.6	  0.0	0.120	0.000	0.000
195	  A	  0.0	  0.0	0.120	0.143	0.143
196	  A	  0.1	  0.0	0.120	0.143	0.143
197	  A	  0.2	  0.0	0.120	0.143	0.143
198	  A	  0.6	  0.0	0.120	0.143	0.143
199	  I	  1.0	  0.0	0.000	0.143	0.143
200	  E	  0.9	  0.2	0.000	0.000	0.000
201	  P	  0.5	  0.3	0.000	0.000	0.000
202	  T	  0.1	  0.6	0.000	0.000	0.000
203	  S	  0.1	  0.7	0.000	0.000	0.000
204	  G	  0.2	  0.6	0.000	0.000	0.000
205	  R	  1.7	  0.5	0.000	0.000	0.000
206	  V	  5.6	  0.1	0.000	1.504	1.504
207	  L	  6.0	  0.0	0.000	1.504	1.504
208	  M	  4.9	  0.0	0.000	1.504	1.504
209	  W	  1.7	  0.1	0.000	1.504	1.504
210	  S	  1.5	  0.1	0.000	1.504	1.504
211	  S	  7.5	  0.1	0.000	0.407	0.407
212	  Y	  7.5	  0.3	0.000	0.407	0.407
213	  R	  7.3	  0.3	0.000	0.000	0.000
214	  N	  0.9	  0.4	0.353	0.000	0.000
215	  D	  0.1	  0.4	0.501	0.000	0.000
216	  A	  0.0	  0.4	0.501	0.000	0.000
217	  A	  0.0	  0.9	0.501	0.000	0.000
218	  E	  0.0	  0.9	0.501	0.000	0.000
219	  G	  0.0	  0.9	0.501	0.000	0.000
220	  S	  0.0	  2.2	0.310	0.000	0.000
221	  P	  0.0	  1.8	0.000	0.000	0.000
222	  G	  0.0	  1.9	0.000	0.000	0.000
223	  G	  0.3	  1.9	0.000	0.138	0.138
224	  I	 10.6	  0.3	0.000	0.331	0.331
225	  T	 12.8	  0.1	0.000	0.331	0.331
226	  L	 13.0	  0.0	0.000	0.331	0.331
227	  T	  4.2	  0.1	0.000	0.331	0.331
228	  S	  1.7	  0.1	0.000	0.192	0.192
229	  S	 10.3	  0.1	0.000	0.000	0.000
230	  W	  9.4	  0.1	0.000	0.000	0.000
231	  D	  9.2	  3.7	0.000	0.000	0.000
232	  P	  0.1	  4.0	0.000	0.000	0.000
233	  S	  0.1	  4.1	0.000	0.000	0.000
234	  T	  0.1	  4.1	0.000	0.160	0.160
235	  G	  0.1	  0.4	0.000	0.160	0.160
236	  I	  3.0	  0.1	0.000	0.160	0.160
237	  V	  3.2	  0.1	0.000	0.160	0.160
238	  S	  3.1	  0.1	0.000	0.160	0.160
239	  D	  0.2	  0.2	0.000	0.000	0.000
240	  R	  0.5	  0.2	0.000	0.000	0.000
241	  T	  9.8	  0.1	0.000	2.046	2.046
242	  V	 26.1	  0.0	0.000	2.046	2.046
243	  T	 33.8	  0.0	0.000	2.046	2.046
244	  V	 26.9	  0.0	0.000	2.046	2.046
245	  T	 11.1	  0.1	0.000	2.046	2.046
246	  K	  1.7	  0.1	0.000	0.000	0.000
247	  H	  0.6	  0.1	0.000	0.000	0.000
248	  D	  0.5	  0.1	0.000	0.000	0.000
249	  M	  3.6	  0.1	0.000	0.000	0.000
250	  F	  3.7	  0.0	0.000	0.000	0.000
251	  C	  3.4	  1.7	0.000	0.000	0.000
252	  P	  0.2	  1.7	0.000	0.000	0.000
253	  G	  0.1	  1.7	0.000	0.000	0.000
254	  I	  3.8	  1.7	0.000	0.000	0.000
255	  S	  6.2	  3.1	0.000	0.000	0.000
256	  M	  6.2	  3.1	0.000	0.000	0.000
257	  D	  2.7	  4.8	0.000	0.000	0.000
258	  G	  0.1	  6.0	0.000	0.000	0.000
259	  N	  0.0	  3.0	0.000	0.000	0.000
260	  G	  0.0	  2.9	0.000	0.561	0.561
261	  Q	  1.4	  1.2	0.000	3.185	3.185
262	  I	 10.0	  0.0	0.000	9.324	9.324
263	  V	 12.6	  0.0	0.000	9.324	9.324
264	  V	 11.9	  0.0	0.000	9.324	9.324
265	  T	  3.4	  0.2	0.000	8.974	8.974
266	  G	  0.6	  0.2	0.000	6.356	6.356
267	  G	  0.1	  0.3	0.192	0.914	0.914
268	  W	  0.5	  0.3	0.192	0.742	0.742
269	  D	  0.6	  0.4	0.543	0.000	0.000
270	  A	  0.5	  0.4	0.543	0.000	0.000
271	  K	  0.3	  0.3	0.543	0.000	0.000
272	  K	  0.4	  0.4	0.543	0.000	0.000
273	  T	  0.9	  0.2	0.351	0.000	0.000
274	  S	  0.9	  0.1	0.351	0.000	0.000
275	  L	  1.1	  0.1	0.139	0.000	0.000
276	  Y	  1.5	  0.2	0.000	0.000	0.000
277	  D	  1.2	  1.7	0.000	0.000	0.000
278	  S	  1.7	  2.8	0.000	0.000	0.000
279	  S	  0.9	  4.6	0.000	0.000	0.000
280	  S	  0.9	  5.1	0.000	0.000	0.000
281	  D	  0.5	  3.6	0.000	0.000	0.000
282	  S	  1.5	  2.5	0.000	0.000	0.000
283	  W	  1.5	  0.6	0.000	0.000	0.000
284	  I	  1.1	  0.0	0.000	0.000	0.000
285	  P	  0.1	  0.1	0.000	0.000	0.000
286	  G	  0.0	  1.3	0.000	0.000	0.000
287	  P	  0.0	  1.3	0.000	0.000	0.000
288	  D	  0.1	  1.3	1.078	0.000	0.000
289	  M	  1.1	  1.3	1.078	0.000	0.000
290	  Q	  1.3	  0.0	1.078	0.000	0.000
291	  V	  2.1	  0.0	1.078	0.000	0.000
292	  A	  1.2	  0.1	1.078	0.000	0.000
293	  R	  1.1	  0.2	1.078	0.000	0.000
294	  G	  0.2	  0.2	0.888	0.000	0.000
295	  Y	  1.6	  0.2	0.245	0.000	0.000
296	  Q	  1.6	  0.2	0.000	0.000	0.000
297	  S	  1.6	  0.2	0.146	0.000	0.000
298	  S	  0.9	  0.4	0.146	0.000	0.000
299	  A	  1.2	  0.3	0.146	0.000	0.000
300	  T	  7.3	  0.2	0.146	0.000	0.000
301	  M	  6.6	  0.9	0.146	0.000	0.000
302	  S	  6.2	  1.2	0.146	0.000	0.000
303	  D	  0.1	  1.2	0.000	0.000	0.000
304	  G	  0.0	  1.2	0.000	0.000	0.000
305	  R	  2.4	  0.5	0.000	0.000	0.000
306	  V	  5.0	  0.0	0.000	2.886	2.886
307	  F	 13.5	  0.0	0.000	2.886	2.886
308	  T	 11.3	  0.0	0.000	2.886	2.886
309	  I	  8.9	  0.4	0.000	2.886	2.886
310	  G	  0.3	  0.7	0.000	2.886	2.886
311	  G	  0.1	  0.7	0.000	0.655	0.655
312	  S	 20.8	  1.1	0.000	0.455	0.455
313	  F	 21.9	  0.9	0.000	0.796	0.796
314	  S	 21.9	  1.0	0.000	0.474	0.474
315	  G	  1.4	  1.0	0.000	0.474	0.474
316	  G	  0.0	  0.7	0.000	0.474	0.474
317	  V	  3.2	  0.5	0.000	0.474	0.474
318	  F	  5.1	  0.1	0.000	0.474	0.474
319	  E	  5.3	  0.5	0.000	0.000	0.000
320	  K	  2.2	  3.3	0.000	0.000	0.000
321	  N	  0.3	  3.3	0.000	0.000	0.000
322	  G	  0.0	  3.2	0.000	0.000	0.000
323	  E	  1.7	  2.8	0.000	0.000	0.000
324	  V	  9.1	  0.0	0.000	0.000	0.000
325	  Y	  9.5	  0.0	0.000	0.000	0.000
326	  S	  7.9	  2.3	0.000	0.000	0.000
327	  P	  0.4	  2.5	0.000	0.000	0.000
328	  S	  0.1	  2.5	0.000	0.000	0.000
329	  S	  0.6	  2.6	0.000	0.000	0.000
330	  K	  1.1	  0.3	0.000	0.000	0.000
331	  T	 14.8	  0.2	0.000	0.000	0.000
332	  W	 15.8	  0.2	0.000	0.000	0.000
333	  T	 16.2	  0.1	0.000	0.000	0.000
334	  S	  2.7	  0.1	0.000	0.000	0.000
335	  L	  1.0	  0.7	0.000	0.000	0.000
336	  P	  0.1	  0.7	0.000	0.000	0.000
337	  N	  0.1	  0.7	0.000	0.000	0.000
338	  A	  0.4	  0.7	0.000	0.000	0.000
339	  K	  3.2	  0.0	0.000	0.000	0.000
340	  V	  3.4	  0.0	0.000	0.000	0.000
341	  N	  3.1	  0.0	0.000	0.000	0.000
342	  P	  0.2	  0.0	0.000	0.000	0.000
343	  M	  0.2	  0.0	0.000	0.000	0.000
344	  L	  1.0	  0.0	0.000	0.000	0.000
345	  T	  1.2	  0.5	0.000	0.000	0.000
346	  A	  1.0	  0.5	0.000	0.000	0.000
347	  D	  0.2	  1.1	0.132	0.000	0.000
348	  K	  0.0	  1.2	0.132	0.000	0.000
349	  Q	  0.0	  0.8	0.132	0.000	0.000
350	  G	  0.0	  0.8	0.132	0.000	0.000
351	  L	  0.8	  0.2	0.132	0.000	0.000
352	  Y	  1.9	  0.1	0.132	0.000	0.000
353	  M	  1.9	  0.4	0.000	0.000	0.000
354	  S	  1.2	  1.6	0.000	0.000	0.000
355	  D	  0.1	  1.7	0.000	0.000	0.000
356	  N	  0.0	  1.6	0.249	0.000	0.000
357	  H	  0.3	  1.4	0.249	0.000	0.000
358	  A	  0.5	  0.2	0.249	1.148	1.148
359	  W	  0.9	  0.1	0.249	1.980	1.980
360	  L	  0.7	  0.5	0.249	1.980	1.980
361	  F	  0.7	  0.4	0.249	1.980	1.980
362	  G	  0.3	  0.4	0.135	1.980	1.980
363	  W	  0.4	  0.5	0.000	1.537	1.537
364	  K	  0.3	  0.6	0.000	0.000	0.000
365	  K	  0.3	  0.7	0.000	0.000	0.000
366	  G	  0.0	  0.7	0.000	0.000	0.000
367	  S	  0.9	  0.6	0.000	0.000	0.000
368	  V	  5.1	  0.1	0.000	0.000	0.000
369	  F	  7.4	  0.1	0.000	0.000	0.000
370	  Q	  6.5	  0.1	0.000	0.000	0.000
371	  A	  2.4	  0.2	0.000	0.000	0.000
372	  G	  0.0	  0.6	0.227	0.000	0.000
373	  P	  0.0	  0.6	0.227	0.000	0.000
374	  S	  0.1	  0.6	0.227	0.000	0.000
375	  T	  0.6	  0.5	0.397	0.690	0.690
376	  A	  0.7	  0.2	0.397	1.837	1.837
377	  M	  2.4	  0.1	0.397	3.190	3.190
378	  N	  3.1	  0.1	0.170	3.605	3.605
379	  W	  3.7	  0.1	0.170	5.003	5.003
380	  Y	  3.0	  0.0	0.170	5.003	5.003
381	  Y	  4.6	  0.1	0.000	5.003	5.003
382	  T	  4.0	  0.4	0.000	3.009	3.009
383	  S	  3.1	  2.2	0.000	1.397	1.397
384	  G	  0.3	  2.5	0.000	0.115	0.115
385	  S	  0.3	  3.1	0.000	0.000	0.000
386	  G	  0.0	  2.7	0.000	0.000	0.000
387	  D	  1.3	  0.9	0.496	0.000	0.000
388	  V	  4.1	  0.7	0.496	0.000	0.000
389	  K	  4.5	  0.1	0.496	0.000	0.000
390	  S	  3.3	  1.1	0.496	0.000	0.000
391	  A	  0.5	  1.2	0.496	0.000	0.000
392	  G	  0.1	  1.2	0.496	0.000	0.000
393	  K	  0.3	  1.1	0.267	0.000	0.000
394	  R	  0.6	  0.3	0.000	0.000	0.000
395	  Q	  0.6	  0.4	0.000	0.000	0.000
396	  S	  0.3	  0.4	0.000	0.000	0.000
397	  N	  0.0	  0.5	0.000	0.000	0.000
398	  R	  0.1	  0.4	0.000	0.000	0.000
399	  G	  0.6	  0.2	0.000	0.000	0.000
400	  V	  1.0	  0.1	0.000	0.000	0.000
401	  A	  1.0	  1.1	0.000	0.000	0.000
402	  P	  0.5	  1.1	0.000	0.000	0.000
403	  D	  0.0	  1.3	0.218	0.000	0.000
404	  A	  0.1	  1.3	0.218	0.000	0.000
405	  M	  0.3	  0.2	0.218	0.000	0.000
406	  C	  0.4	  0.8	0.218	0.000	0.000
407	  G	  0.3	  0.6	0.218	0.000	0.000
408	  N	  0.2	  0.6	0.218	0.000	0.000
409	  A	  0.9	  0.6	0.000	0.000	0.000
410	  V	  2.7	  0.0	0.000	0.000	0.000
411	  M	  3.0	  0.0	0.000	0.000	0.000
412	  Y	  2.9	  0.0	0.128	0.000	0.000
413	  D	  1.3	  0.0	0.648	0.000	0.000
414	  A	  1.5	  0.0	0.648	0.000	0.000
415	  V	  1.2	  1.6	0.648	0.000	0.000
416	  K	  1.2	  1.6	0.648	0.000	0.000
417	  G	  0.6	  1.6	0.648	0.000	0.000
418	  K	  0.6	  1.6	0.648	0.000	0.000
419	  I	  2.2	  0.0	0.000	0.999	0.999
420	  L	  6.0	  0.0	0.000	0.999	0.999
421	  T	  6.4	  0.1	0.000	0.999	0.999
422	  F	  4.9	  0.6	0.000	0.999	0.999
423	  G	  1.0	  0.6	0.000	0.999	0.999
424	  G	  0.1	  0.6	0.000	0.000	0.000
425	  S	  0.0	  7.6	0.000	0.000	0.000
426	  P	  0.0	  7.1	0.000	0.000	0.000
427	  D	  0.7	  7.1	0.000	0.000	0.000
428	  Y	  2.2	  7.1	0.000	0.000	0.000
429	  T	  2.7	  0.2	0.000	0.000	0.000
430	  D	  2.0	  3.8	0.000	0.000	0.000
431	  S	  0.5	  3.8	0.388	0.000	0.000
432	  D	  0.0	  4.0	0.805	0.000	0.000
433	  A	  0.2	  3.9	0.805	0.000	0.000
434	  T	  0.6	  0.3	0.805	0.000	0.000
435	  T	  0.7	  0.3	0.805	0.000	0.000
436	  N	  0.5	  0.1	0.805	0.000	0.000
437	  A	  0.8	  0.1	0.599	0.000	0.000
438	  H	  9.6	  0.0	0.321	0.000	0.000
439	  I	 13.4	  0.0	0.000	1.562	1.562
440	  I	 21.7	  0.0	0.000	1.562	1.562
441	  T	 13.3	  0.1	0.000	1.562	1.562
442	  L	  9.3	  0.1	0.000	1.562	1.562
443	  G	  0.1	  0.1	0.000	1.562	1.562
444	  E	  0.0	  0.6	0.000	0.000	0.000
445	  P	  0.0	  0.7	0.000	0.000	0.000
446	  G	  0.0	  0.7	0.000	0.000	0.000
447	  T	  0.1	  0.7	0.000	0.000	0.000
448	  S	  0.1	  4.2	0.198	0.000	0.000
449	  P	  0.1	  4.1	0.198	0.000	0.000
450	  N	  0.9	  4.1	0.198	0.195	0.195
451	  T	  6.3	  4.1	0.198	1.217	1.217
452	  V	  8.1	  0.0	0.198	1.916	1.916
453	  F	  8.0	  0.2	0.198	1.916	1.916
454	  A	  2.6	  0.9	0.000	1.916	1.916
455	  S	  0.7	  1.6	0.000	1.721	1.721
456	  N	  0.0	  1.6	0.000	1.119	1.119
457	  G	  0.0	  1.4	0.000	1.619	1.619
458	  L	  0.6	  0.7	0.000	1.619	1.619
459	  Y	  2.1	  0.0	0.000	1.619	1.619
460	  F	  2.6	  0.1	0.000	1.619	1.619
461	  A	  2.1	  0.1	0.000	1.013	1.013
462	  R	  1.8	  0.1	0.000	0.000	0.000
463	  T	  8.3	  0.1	0.000	0.000	0.000
464	  F	  8.8	  0.1	0.000	0.000	0.000
465	  H	  8.1	  0.1	0.000	0.000	0.000
466	  T	  1.9	  0.1	0.000	0.000	0.000
467	  S	  2.0	  0.1	0.000	0.000	0.000
468	  V	 15.7	  0.1	0.000	0.000	0.000
469	  V	 15.4	  0.0	0.000	0.000	0.000
470	  L	 14.7	  2.2	0.000	0.000	0.000
471	  P	  0.4	  2.5	0.000	0.000	0.000
472	  D	  0.0	  3.3	0.000	0.000	0.000
473	  G	  0.0	  3.4	0.000	0.000	0.000
474	  S	  0.7	  1.3	0.000	0.155	0.155
475	  T	  2.9	  0.9	0.000	0.457	0.457
476	  F	  3.6	  0.1	0.000	0.457	0.457
477	  I	  5.5	  0.0	0.000	0.457	0.457
478	  T	  3.3	  0.6	0.000	0.457	0.457
479	  G	  2.5	  0.6	0.000	0.302	0.302
480	  G	  0.0	  0.7	0.000	0.000	0.000
481	  Q	  0.3	  0.7	0.000	0.000	0.000
482	  R	  0.4	  0.3	0.000	0.000	0.000
483	  R	  0.6	  0.3	0.000	0.000	0.000
484	  G	  0.4	  0.2	0.000	0.000	0.000
485	  I	  0.3	  0.1	0.000	0.000	0.000
486	  P	  0.0	  0.0	0.000	0.000	0.000
487	  F	  0.8	  0.3	0.000	0.000	0.000
488	  E	  0.8	  0.4	0.000	0.000	0.000
489	  D	  0.9	  0.4	0.000	0.000	0.000
490	  S	  0.2	  0.4	0.000	0.000	0.000
491	  T	  0.2	  0.0	0.000	0.000	0.000
492	  P	  0.1	  0.0	0.000	0.000	0.000
493	  V	  4.7	  0.0	0.000	0.000	0.000
494	  F	  5.3	  0.0	0.000	0.000	0.000
495	  T	  5.3	  0.2	0.000	0.000	0.000
496	  P	  0.6	  0.2	0.000	0.000	0.000
497	  E	  0.5	  0.2	0.000	0.000	0.000
498	  I	  2.9	  0.2	0.000	0.000	0.000
499	  Y	  3.1	  0.0	0.000	0.000	0.000
500	  V	  2.6	  0.0	0.000	0.000	0.000
501	  P	  0.2	  0.1	0.000	0.000	0.000
502	  E	  0.1	  0.2	0.000	0.000	0.000
503	  Q	  0.2	  0.2	0.000	0.000	0.000
504	  D	  1.8	  0.2	0.165	0.000	0.000
505	  T	  8.3	  0.1	0.593	0.000	0.000
506	  F	  9.2	  0.0	0.593	0.000	0.000
507	  Y	  8.2	  0.1	0.593	0.000	0.000
508	  K	  1.9	  0.1	0.593	0.000	0.000
509	  Q	  0.7	  0.1	0.593	0.000	0.000
510	  N	  0.2	  6.9	0.593	0.000	0.000
511	  P	  0.0	  6.9	0.000	0.000	0.000
512	  N	  0.3	  6.9	0.177	0.000	0.000
513	  S	  0.8	  6.9	0.484	0.000	0.000
514	  I	  5.2	  0.0	0.484	0.000	0.000
515	  V	  6.0	  0.0	0.484	0.000	0.000
516	  R	  5.7	  0.0	0.484	0.000	0.000
517	  A	  1.8	  0.0	0.484	0.000	0.000
518	  Y	  1.2	  0.1	0.484	0.000	0.000
519	  H	  1.2	  0.0	0.000	0.000	0.000
520	  S	  6.3	  0.2	0.135	0.298	0.298
521	  I	  9.1	  0.2	0.135	0.298	0.298
522	  S	  9.1	  0.2	0.135	0.298	0.298
523	  L	  5.3	  0.2	0.135	0.298	0.298
524	  L	  1.9	  0.0	0.135	0.298	0.298
525	  L	  1.7	  2.4	0.135	0.000	0.000
526	  P	  0.1	  2.7	0.000	0.000	0.000
527	  D	  0.0	  2.8	0.000	0.000	0.000
528	  G	  0.0	  2.8	0.000	0.000	0.000
529	  R	  2.6	  0.4	0.000	0.000	0.000
530	  V	  6.2	  0.1	0.000	0.000	0.000
531	  F	  6.7	  1.0	0.000	0.000	0.000
532	  N	  4.2	  1.2	0.000	0.000	0.000
533	  G	  0.5	  1.4	0.000	0.000	0.000
534	  G	  0.0	  1.5	0.000	0.000	0.000
535	  G	  0.0	  0.5	0.000	0.000	0.000
536	  G	  0.0	  0.3	0.000	0.000	0.000
537	  L	  0.2	  0.2	0.000	0.000	0.000
538	  C	  0.2	  0.6	0.000	0.000	0.000
539	  G	  0.2	  0.6	0.000	0.000	0.000
540	  D	  0.5	  0.6	0.000	0.000	0.000
541	  C	  0.9	  0.7	0.000	0.000	0.000
542	  T	  1.4	  0.2	0.000	0.000	0.000
543	  T	  1.1	  0.2	0.000	0.000	0.000
544	  N	  1.2	  0.2	0.000	0.000	0.000
545	  H	  3.1	  0.2	0.000	0.000	0.000
546	  F	  3.8	  0.1	0.000	0.000	0.000
547	  D	  3.2	  0.1	0.000	0.000	0.000
548	  A	  1.1	  0.1	0.000	0.000	0.000
549	  Q	  1.5	  0.0	0.000	0.000	0.000
550	  I	  3.9	  0.0	0.000	0.000	0.000
551	  F	  4.2	  0.0	0.000	0.000	0.000
552	  T	  3.1	  1.0	0.000	0.000	0.000
553	  P	  0.6	  1.0	0.000	0.000	0.000
554	  N	  0.1	  1.0	0.000	0.000	0.000
555	  Y	  0.7	  1.0	0.000	0.000	0.000
556	  L	  1.0	  0.1	0.000	0.000	0.000
557	  Y	  1.7	  0.1	0.000	0.000	0.000
558	  D	  1.1	  9.7	0.000	0.000	0.000
559	  S	  0.8	 10.2	0.000	0.000	0.000
560	  N	  0.0	 10.6	0.000	0.000	0.000
561	  G	  0.0	 10.5	0.000	0.000	0.000
562	  N	  0.0	  1.0	0.000	0.000	0.000
563	  L	  0.1	  0.5	0.000	0.000	0.000
564	  A	  0.4	  0.0	0.000	0.000	0.000
565	  T	  0.5	  0.0	0.000	0.000	0.000
566	  R	  0.5	  0.1	0.000	0.000	0.000
567	  P	  0.1	  0.1	0.000	0.000	0.000
568	  K	  5.2	  0.1	0.000	0.000	0.000
569	  I	  9.0	  0.1	0.000	0.000	0.000
570	  T	  9.6	  0.1	0.000	0.000	0.000
571	  R	  4.6	  0.1	0.000	0.000	0.000
572	  T	  1.5	  0.1	0.000	0.000	0.000
573	  S	  1.1	  0.2	0.000	0.000	0.000
574	  T	  2.9	  0.2	0.000	0.000	0.000
575	  Q	  2.4	  0.2	0.000	0.000	0.000
576	  S	  3.5	  0.1	0.000	0.000	0.000
577	  V	 16.3	  0.1	0.000	0.000	0.000
578	  K	 16.3	  0.0	0.000	0.000	0.000
579	  V	 15.0	  1.6	0.000	0.000	0.000
580	  G	  0.4	  1.6	0.000	0.000	0.000
581	  G	  0.1	  1.6	0.086	0.000	0.000
582	  R	  5.0	  1.6	0.086	0.000	0.000
583	  I	 17.0	  0.0	0.086	0.986	0.986
584	  T	 27.7	  0.0	0.086	0.986	0.986
585	  I	 23.7	  0.0	0.086	0.986	0.986
586	  S	 13.0	  0.4	0.086	0.986	0.986
587	  T	  1.5	  0.5	0.000	0.986	0.986
588	  D	  0.8	  1.0	0.000	0.000	0.000
589	  S	  0.6	  0.9	2.598	0.000	0.000
590	  S	  3.0	  0.6	2.598	0.000	0.000
591	  I	  5.2	  0.5	2.598	0.000	0.000
592	  T	  5.5	  0.0	3.103	0.000	0.000
593	  K	  2.8	  0.2	3.103	0.000	0.000
594	  A	  0.9	  0.2	3.103	0.000	0.000
595	  S	  0.8	  0.2	2.102	0.000	0.000
596	  L	  0.8	  0.2	1.463	0.000	0.000
597	  I	  3.7	  0.0	1.192	0.000	0.000
598	  R	  3.6	  0.0	1.192	0.000	0.000
599	  Y	  3.5	  0.3	0.585	0.000	0.000
600	  G	  0.4	  0.3	0.105	0.000	0.000
601	  T	  1.2	  0.4	0.000	0.000	0.000
602	  A	  1.6	  0.4	0.000	0.000	0.000
603	  T	  4.1	  0.1	0.000	0.000	0.000
604	  H	  5.4	  0.1	0.000	0.000	0.000
605	  T	 10.3	  0.1	0.000	0.000	0.000
606	  V	  8.8	  0.1	0.000	0.000	0.000
607	  N	  6.6	  0.6	0.000	0.000	0.000
608	  T	  1.6	  0.7	0.000	0.000	0.000
609	  D	  0.6	  0.7	0.000	0.000	0.000
610	  Q	  0.7	  0.8	0.000	0.000	0.000
611	  R	  3.3	  0.2	0.000	0.000	0.000
612	  R	  3.5	  0.1	0.000	0.000	0.000
613	  I	  3.3	  0.0	0.000	0.000	0.000
614	  P	  0.4	  0.0	0.000	0.000	0.000
615	  L	  2.2	  0.0	0.000	0.000	0.000
616	  T	  5.0	  0.0	0.000	0.000	0.000
617	  L	  5.3	  0.1	0.000	0.000	0.000
618	  T	  3.2	  0.3	0.000	0.000	0.000
619	  N	  0.4	  0.5	0.000	0.000	0.000
620	  N	  0.1	  0.6	0.000	0.000	0.000
621	  G	  0.0	  1.4	0.000	0.000	0.000
622	  G	  0.0	  1.3	0.000	0.000	0.000
623	  N	  0.8	  1.0	0.000	0.000	0.000
624	  S	 20.6	  1.1	0.000	0.000	0.000
625	  Y	 25.5	  0.2	0.000	0.000	0.000
626	  S	 27.1	  0.2	0.000	0.000	0.000
627	  F	 11.7	  0.2	0.000	0.000	0.000
628	  Q	  5.5	  0.0	0.000	0.000	0.000
629	  V	  3.1	  0.2	0.000	0.000	0.000
630	  P	  0.1	  0.5	0.000	0.000	0.000
631	  S	  0.1	  2.3	0.000	0.000	0.000
632	  D	  0.1	  2.5	0.000	0.000	0.000
633	  S	  0.1	  2.3	0.000	0.000	0.000
634	  G	  0.2	  2.0	0.000	0.000	0.000
635	  V	  6.8	  0.3	0.000	0.000	0.000
636	  A	  6.9	  0.0	0.000	0.000	0.000
637	  L	  6.7	  2.4	0.000	0.000	0.000
638	  P	  0.0	  2.4	0.000	0.090	0.090
639	  G	  0.0	  2.4	0.000	7.357	7.357
640	  Y	  0.7	  2.4	0.000	87.832	87.832
641	  W	  1.2	  0.0	0.000	97.336	97.336
642	  M	  1.8	  0.0	0.000	98.577	98.577
643	  L	  1.7	  0.0	0.000	98.625	98.625
644	  F	  2.9	  0.0	0.000	98.606	98.606
645	  V	  6.0	  0.1	0.000	95.547	95.547
646	  M	  5.9	  0.1	0.000	54.353	54.353
647	  N	  4.3	  0.3	0.000	2.639	2.639
648	  S	  0.7	  0.7	0.000	0.510	0.510
649	  A	  0.2	  0.7	0.000	0.244	0.244
650	  G	  0.1	  0.7	0.000	0.018	0.018
651	  V	  0.1	  0.6	0.000	0.000	0.000
652	  P	  0.0	  0.2	0.000	0.000	0.000
653	  S	  0.6	  0.2	0.000	0.000	0.000
654	  V	  2.5	  0.2	0.000	0.214	0.214
655	  A	  2.6	  0.1	0.000	0.214	0.214
656	  S	  2.5	  0.1	0.000	0.214	0.214
657	  T	  7.0	  0.1	0.000	0.214	0.214
658	  I	 13.0	  0.1	0.000	0.214	0.214
659	  R	 14.6	  0.0	0.000	0.000	0.000
660	  V	 11.6	  0.0	0.000	0.000	0.000
661	  T	  5.7	  0.0	0.000	0.000	0.000
662	  Q	  3.6	  0.0	0.000	0.000	0.000
663	  A	  0.5	  0.0	0.000	0.000	0.000
664	  A	  0.1	  0.0	0.000	0.000	0.000
665	  A	  0.0	  0.0	0.000	0.000	0.000
